34 
1130 250 135 25 
1105 115 25 160 
1060 250 45 25 
585 115 520 25 
985 250 45 25 
960 140 25 135 
905 140 25 135 
860 250 45 25 
790 250 45 25 
765 140 25 135 
700 140 25 135 
665 250 45 25 
585 250 45 25 
560 40 25 235 
0 40 560 25 
360 115 25 135 
205 115 155 25 
180 115 25 135 
180 425 25 135 
205 535 155 25 
360 425 25 135 
0 610 560 25 
560 400 25 235 
585 535 520 25 
660 400 25 135 
680 400 45 25 
765 400 45 25 
810 400 25 135 
860 400 25 135 
885 400 45 25 
960 400 45 25 
1005 400 25 135 
1105 400 25 160 
1130 400 135 25 